ECHOEDGE V8 TEMPORAL VALIDATION
===========================================================================

Model: C:\Users\nanag_ltzlj6d\esp\EchoEdge_WakeNet_Min_STREAMING\models\echoedge_v8_best.keras
Features: C:\Users\nanag_ltzlj6d\Desktop\dataset_v8_windows\features\validation_features.npz
Manifest: C:\Users\nanag_ltzlj6d\Desktop\dataset_v8_windows\validation_v8.csv

RULE,THRESHOLD,TP,FP,TN,FN,PRECISION,RECALL,FPR,SPECIFICITY
single,0.30,30,0,17,5,1.000000,0.857143,0.000000,1.000000
single,0.35,29,0,17,6,1.000000,0.828571,0.000000,1.000000
single,0.40,29,0,17,6,1.000000,0.828571,0.000000,1.000000
single,0.45,27,0,17,8,1.000000,0.771429,0.000000,1.000000
single,0.50,27,0,17,8,1.000000,0.771429,0.000000,1.000000
single,0.55,23,0,17,12,1.000000,0.657143,0.000000,1.000000
single,0.60,23,0,17,12,1.000000,0.657143,0.000000,1.000000
single,0.65,21,0,17,14,1.000000,0.600000,0.000000,1.000000
single,0.70,20,0,17,15,1.000000,0.571429,0.000000,1.000000
single,0.75,16,0,17,19,1.000000,0.457143,0.000000,1.000000
single,0.80,13,0,17,22,1.000000,0.371429,0.000000,1.000000
single,0.85,8,0,17,27,1.000000,0.228571,0.000000,1.000000
consecutive_2,0.30,22,0,17,13,1.000000,0.628571,0.000000,1.000000
consecutive_2,0.35,20,0,17,15,1.000000,0.571429,0.000000,1.000000
consecutive_2,0.40,19,0,17,16,1.000000,0.542857,0.000000,1.000000
consecutive_2,0.45,15,0,17,20,1.000000,0.428571,0.000000,1.000000
consecutive_2,0.50,15,0,17,20,1.000000,0.428571,0.000000,1.000000
consecutive_2,0.55,12,0,17,23,1.000000,0.342857,0.000000,1.000000
consecutive_2,0.60,12,0,17,23,1.000000,0.342857,0.000000,1.000000
consecutive_2,0.65,11,0,17,24,1.000000,0.314286,0.000000,1.000000
consecutive_2,0.70,8,0,17,27,1.000000,0.228571,0.000000,1.000000
consecutive_2,0.75,5,0,17,30,1.000000,0.142857,0.000000,1.000000
consecutive_2,0.80,4,0,17,31,1.000000,0.114286,0.000000,1.000000
consecutive_2,0.85,2,0,17,33,1.000000,0.057143,0.000000,1.000000
consecutive_3,0.30,20,0,17,15,1.000000,0.571429,0.000000,1.000000
consecutive_3,0.35,18,0,17,17,1.000000,0.514286,0.000000,1.000000
consecutive_3,0.40,15,0,17,20,1.000000,0.428571,0.000000,1.000000
consecutive_3,0.45,12,0,17,23,1.000000,0.342857,0.000000,1.000000
consecutive_3,0.50,10,0,17,25,1.000000,0.285714,0.000000,1.000000
consecutive_3,0.55,8,0,17,27,1.000000,0.228571,0.000000,1.000000
consecutive_3,0.60,8,0,17,27,1.000000,0.228571,0.000000,1.000000
consecutive_3,0.65,6,0,17,29,1.000000,0.171429,0.000000,1.000000
consecutive_3,0.70,4,0,17,31,1.000000,0.114286,0.000000,1.000000
consecutive_3,0.75,2,0,17,33,1.000000,0.057143,0.000000,1.000000
consecutive_3,0.80,1,0,17,34,1.000000,0.028571,0.000000,1.000000
consecutive_3,0.85,0,0,17,35,0.000000,0.000000,0.000000,1.000000

TEST SET WAS NOT USED.
TFLITE EXPORT WAS NOT PERFORMED.
