ECHOEDGE V8 THRESHOLD OPTIMIZATION
======================================================================

Model: C:\Users\nanag_ltzlj6d\esp\EchoEdge_WakeNet_Min_STREAMING\models\echoedge_v8_best.keras
Validation samples: 473
Positive samples: 85
Negative samples: 388

Threshold,TP,FP,TN,FN,Precision,Recall,FPR,Specificity,Accuracy
0.05,85,217,171,0,0.281457,1.000000,0.559278,0.440722,0.541226
0.06,85,203,185,0,0.295139,1.000000,0.523196,0.476804,0.570825
0.07,85,193,195,0,0.305755,1.000000,0.497423,0.502577,0.591966
0.08,85,184,204,0,0.315985,1.000000,0.474227,0.525773,0.610994
0.09,84,174,214,1,0.325581,0.988235,0.448454,0.551546,0.630021
0.10,83,169,219,2,0.329365,0.976471,0.435567,0.564433,0.638478
0.11,83,165,223,2,0.334677,0.976471,0.425258,0.574742,0.646934
0.12,83,158,230,2,0.344398,0.976471,0.407216,0.592784,0.661734
0.13,83,153,235,2,0.351695,0.976471,0.394330,0.605670,0.672304
0.14,82,146,242,3,0.359649,0.964706,0.376289,0.623711,0.684989
0.15,81,141,247,4,0.364865,0.952941,0.363402,0.636598,0.693446
0.16,81,138,250,4,0.369863,0.952941,0.355670,0.644330,0.699789
0.17,80,133,255,5,0.375587,0.941176,0.342784,0.657216,0.708245
0.18,80,124,264,5,0.392157,0.941176,0.319588,0.680412,0.727273
0.19,80,121,267,5,0.398010,0.941176,0.311856,0.688144,0.733615
0.20,79,116,272,6,0.405128,0.929412,0.298969,0.701031,0.742072
0.21,79,110,278,6,0.417989,0.929412,0.283505,0.716495,0.754757
0.22,78,110,278,7,0.414894,0.917647,0.283505,0.716495,0.752643
0.23,76,108,280,9,0.413043,0.894118,0.278351,0.721649,0.752643
0.24,75,102,286,10,0.423729,0.882353,0.262887,0.737113,0.763214
0.25,74,98,290,11,0.430233,0.870588,0.252577,0.747423,0.769556
0.26,73,95,293,12,0.434524,0.858824,0.244845,0.755155,0.773784
0.27,73,94,294,12,0.437126,0.858824,0.242268,0.757732,0.775899
0.28,73,88,300,12,0.453416,0.858824,0.226804,0.773196,0.788584
0.29,73,84,304,12,0.464968,0.858824,0.216495,0.783505,0.797040
0.30,73,80,308,12,0.477124,0.858824,0.206186,0.793814,0.805497
0.31,71,79,309,14,0.473333,0.835294,0.203608,0.796392,0.803383
0.32,71,75,313,14,0.486301,0.835294,0.193299,0.806701,0.811839
0.33,71,72,316,14,0.496503,0.835294,0.185567,0.814433,0.818182
0.34,70,71,317,15,0.496454,0.823529,0.182990,0.817010,0.818182
0.35,69,68,320,16,0.503650,0.811765,0.175258,0.824742,0.822410
0.36,65,66,322,20,0.496183,0.764706,0.170103,0.829897,0.818182
0.37,65,65,323,20,0.500000,0.764706,0.167526,0.832474,0.820296
0.38,64,64,324,21,0.500000,0.752941,0.164948,0.835052,0.820296
0.39,62,60,328,23,0.508197,0.729412,0.154639,0.845361,0.824524
0.40,61,57,331,24,0.516949,0.717647,0.146907,0.853093,0.828753
0.41,61,51,337,24,0.544643,0.717647,0.131443,0.868557,0.841438
0.42,60,49,339,25,0.550459,0.705882,0.126289,0.873711,0.843552
0.43,59,45,343,26,0.567308,0.694118,0.115979,0.884021,0.849894
0.44,58,41,347,27,0.585859,0.682353,0.105670,0.894330,0.856237
0.45,58,38,350,27,0.604167,0.682353,0.097938,0.902062,0.862579
0.46,58,31,357,27,0.651685,0.682353,0.079897,0.920103,0.877378
0.47,57,31,357,28,0.647727,0.670588,0.079897,0.920103,0.875264
0.48,57,31,357,28,0.647727,0.670588,0.079897,0.920103,0.875264
0.49,56,29,359,29,0.658824,0.658824,0.074742,0.925258,0.877378
0.50,54,29,359,31,0.650602,0.635294,0.074742,0.925258,0.873150
0.51,53,27,361,32,0.662500,0.623529,0.069588,0.930412,0.875264
0.52,53,27,361,32,0.662500,0.623529,0.069588,0.930412,0.875264
0.53,52,26,362,33,0.666667,0.611765,0.067010,0.932990,0.875264
0.54,48,25,363,37,0.657534,0.564706,0.064433,0.935567,0.868922
0.55,47,22,366,38,0.681159,0.552941,0.056701,0.943299,0.873150
0.56,47,21,367,38,0.691176,0.552941,0.054124,0.945876,0.875264
0.57,44,20,368,41,0.687500,0.517647,0.051546,0.948454,0.871036
0.58,44,20,368,41,0.687500,0.517647,0.051546,0.948454,0.871036
0.59,44,20,368,41,0.687500,0.517647,0.051546,0.948454,0.871036
0.60,44,20,368,41,0.687500,0.517647,0.051546,0.948454,0.871036
0.61,42,19,369,43,0.688525,0.494118,0.048969,0.951031,0.868922
0.62,41,18,370,44,0.694915,0.482353,0.046392,0.953608,0.868922
0.63,40,17,371,45,0.701754,0.470588,0.043814,0.956186,0.868922
0.64,37,16,372,48,0.698113,0.435294,0.041237,0.958763,0.864693
0.65,37,15,373,48,0.711538,0.435294,0.038660,0.961340,0.866808
0.66,36,12,376,49,0.750000,0.423529,0.030928,0.969072,0.871036
0.67,35,12,376,50,0.744681,0.411765,0.030928,0.969072,0.868922
0.68,34,11,377,51,0.755556,0.400000,0.028351,0.971649,0.868922
0.69,33,11,377,52,0.750000,0.388235,0.028351,0.971649,0.866808
0.70,31,11,377,54,0.738095,0.364706,0.028351,0.971649,0.862579
0.71,31,11,377,54,0.738095,0.364706,0.028351,0.971649,0.862579
0.72,29,10,378,56,0.743590,0.341176,0.025773,0.974227,0.860465
0.73,25,8,380,60,0.757576,0.294118,0.020619,0.979381,0.856237
0.74,24,8,380,61,0.750000,0.282353,0.020619,0.979381,0.854123
0.75,22,8,380,63,0.733333,0.258824,0.020619,0.979381,0.849894
0.76,21,8,380,64,0.724138,0.247059,0.020619,0.979381,0.847780
0.77,19,7,381,66,0.730769,0.223529,0.018041,0.981959,0.845666
0.78,18,7,381,67,0.720000,0.211765,0.018041,0.981959,0.843552
0.79,18,6,382,67,0.750000,0.211765,0.015464,0.984536,0.845666
0.80,17,5,383,68,0.772727,0.200000,0.012887,0.987113,0.845666
0.81,16,5,383,69,0.761905,0.188235,0.012887,0.987113,0.843552
0.82,14,4,384,71,0.777778,0.164706,0.010309,0.989691,0.841438
0.83,13,3,385,72,0.812500,0.152941,0.007732,0.992268,0.841438
0.84,11,3,385,74,0.785714,0.129412,0.007732,0.992268,0.837209
0.85,9,2,386,76,0.818182,0.105882,0.005155,0.994845,0.835095
0.86,8,1,387,77,0.888889,0.094118,0.002577,0.997423,0.835095
0.87,7,1,387,78,0.875000,0.082353,0.002577,0.997423,0.832981
0.88,6,1,387,79,0.857143,0.070588,0.002577,0.997423,0.830867
0.89,6,0,388,79,1.000000,0.070588,0.000000,1.000000,0.832981
0.90,6,0,388,79,1.000000,0.070588,0.000000,1.000000,0.832981
0.91,6,0,388,79,1.000000,0.070588,0.000000,1.000000,0.832981
0.92,3,0,388,82,1.000000,0.035294,0.000000,1.000000,0.826638
0.93,3,0,388,82,1.000000,0.035294,0.000000,1.000000,0.826638
0.94,3,0,388,82,1.000000,0.035294,0.000000,1.000000,0.826638
0.95,2,0,388,83,1.000000,0.023529,0.000000,1.000000,0.824524
0.96,1,0,388,84,1.000000,0.011765,0.000000,1.000000,0.822410
0.97,0,0,388,85,0.000000,0.000000,0.000000,1.000000,0.820296
0.98,0,0,388,85,0.000000,0.000000,0.000000,1.000000,0.820296
0.99,0,0,388,85,0.000000,0.000000,0.000000,1.000000,0.820296

ZERO FALSE POSITIVE THRESHOLDS
--------------------------------------------------
Threshold=0.89, TP=6, FP=0, TN=388, FN=79, Recall=0.070588
Threshold=0.90, TP=6, FP=0, TN=388, FN=79, Recall=0.070588
Threshold=0.91, TP=6, FP=0, TN=388, FN=79, Recall=0.070588
Threshold=0.92, TP=3, FP=0, TN=388, FN=82, Recall=0.035294
Threshold=0.93, TP=3, FP=0, TN=388, FN=82, Recall=0.035294
Threshold=0.94, TP=3, FP=0, TN=388, FN=82, Recall=0.035294
Threshold=0.95, TP=2, FP=0, TN=388, FN=83, Recall=0.023529
Threshold=0.96, TP=1, FP=0, TN=388, FN=84, Recall=0.011765
Threshold=0.97, TP=0, FP=0, TN=388, FN=85, Recall=0.000000
Threshold=0.98, TP=0, FP=0, TN=388, FN=85, Recall=0.000000
Threshold=0.99, TP=0, FP=0, TN=388, FN=85, Recall=0.000000

BEST ZERO-FP OPERATING POINT
--------------------------------------------------
Threshold=0.89
TP=6
FP=0
TN=388
FN=79
Precision=1.000000
Recall=0.070588
